A -- точное значение инварианта Васильева
B -- ``комплексная'' часть
C -- average extremum number
X -- ???
Y -- ???
 
 узел     A      B(300)   B(600)   X(300)   X(600)   C(300)   Y(300)   Y(600)
                                
unknot    0      0        0        0        0        2        0
 3_1      1      1.023    1.029    1.003    1.015    4.818    1.519    1.640
 3_1_1    1      1.005    1.011    1.121    1.133    5.434    1.579    1.706
 3_1_2    1      1.010    1.020    1.001             6.322    1.503    1.683
 3_1_3    1      1.228    1.237    1.369    1.384    5.943    3.027    3.285
 3_1#3_1  2      2.020             1.993             7.545    2.594
 3_1#-3_1 2      2.002    2.023    1.865    1.905    7.093    2.510
 4_1     -1     -0.935            -0.823                     -0.065
 5_1      3      3.009             3.037                      3.669
 5_1_1    3      3.810             3.820                      7.203
 5_2      2      2.021             2.227                      2.706
 6_1     -2     -1.916   -1.893   -1.890   -1.854            -0.972
 6_2     -1     -0.953            -0.979                     -0.152
 6_3      1      0.977             0.911                      1.328
 7_1      6      6.006             6.163                      6.872
 7_2      3      3.046             3.356                      3.940
 7_3      5      4.986             5.219                      5.564
 7_4      4      4.029             4.456                      4.941
 7_5      4      4.000             4.158                      4.746
 7_6      1      1.066             1.196                      2.037
 7_7     -1     -0.882            -0.672                      0.452
 8_1     -3     -2.944            -2.984                     -2.076
 8_5     -1     -0.999            -1.095                     -0.193
 8_6     -2     -1.988            -1.973                     -1.155
8_18      1      0.776    0.816    0.418                     -0.088    0.248
 9_1     10     10.007            10.383                     11.129
11_1     15     15.043   15.004   15.701   15.734   13.202   16.467
17_1     36     36.622   36.127   38.431   38.107   21.270
